9.5
15.7
52.8
90.7
141.8
234.5
10.0
15.7
53.2
91.0
105.2
119.7
10.0
15.4
52.5
54.7
67.6
80.7
9.6
15.7
45.2
50.5
63.1
76.7
9.9
12.8
22.3
28.5
38.4
50.2
9.9
12.6
20.8
27.3
38.0
49.4
9.7
12.4
21.1
27.5
36.6
48.1
9.7
12.0
20.8
28.2
36.4
48.8
9.9
12.4
22.4
27.4
36.6
48.1
10.1
12.6
22.2
27.9
37.5
47.8
10.0
12.1
22.4
27.8
38.0
50.1
9.9
12.4
21.4
27.4
36.9
47.5
10.0
12.2
21.4
28.2
36.9
47.7
10.0
12.3
21.3
26.8
36.5
46.0
10.0
12.1
21.2
26.6
36.9
48.5
9.9
12.1
21.0
25.6
36.4
47.2
9.9
11.8
21.8
27.2
36.0
47.1
10.2
11.8
20.8
27.0
35.8
47.7
10.6
12.7
20.8
26.9
35.6
46.9
10.0
12.5
21.3
26.8
35.0
45.9
9.9
12.4
21.5
26.8
35.6
47.1
9.8
12.2
21.4
26.8
35.6
47.4
9.8
12.2
21.4
27.2
36.8
47.1
9.9
12.6
21.2
26.7
36.3
9.9
12.7
21.6
27.3
10.2
13.0
21.7
27.0
9.6
12.6
21.7
27.2
10.2
13.3
22.3
