26.82
5.23
2.55
2.34
1.74
1.19
26.82
5.23
2.55
2.34
24.58
40.40
26.82
5.23
2.55
26.71
40.53
51.28
26.82
5.23
16.84
32.14
44.33
53.87
26.82
41.86
55.15
60.53
64.16
67.40
26.82
55.46
59.85
64.02
66.60
69.06
26.82
55.46
59.85
64.02
66.60
70.16
26.82
55.46
59.85
64.02
67.10
70.43
26.82
55.46
59.85
64.28
67.34
70.59
26.82
55.46
59.85
64.43
67.44
70.66
26.82
55.46
60.09
64.59
67.56
70.74
26.82
58.69
61.91
65.97
69.50
72.56
26.82
58.69
62.04
66.11
69.73
72.79
26.82
59.46
62.54
66.75
70.22
73.16
26.82
59.78
62.73
66.90
70.57
73.43
26.82
60.05
62.94
67.05
70.91
73.68
26.82
60.24
63.14
67.53
71.42
74.11
26.82
60.24
63.20
67.59
71.48
74.15
26.82
60.24
63.20
67.59
71.48
74.15
26.82
61.37
63.99
68.40
72.27
75.06
26.82
61.97
64.89
69.10
72.80
75.61
26.82
62.28
65.38
69.49
73.07
75.86
26.82
62.56
65.80
69.80
73.29
76.14
26.82
63.24
66.21
70.11
73.58
73.58
26.82
63.24
66.21
70.11
70.11
70.11
26.82
63.24
66.21
70.11
70.11
70.11
26.82
63.28
66.23
70.12
70.12
70.12
26.82
63.28
66.23
66.23
66.23
66.23
66.23
